# name: debug
# type: sparse matrix
# nnz: 36
# rows: 6
# columns: 6

1 1 0.000000000
2 1 0.000000000
3 1 0.000000000
4 1 -0.000000000
5 1 0.000000019
6 1 0.000000000
1 2 0.000000000
2 2 0.000000000
3 2 0.000000000
4 2 -0.000000018
5 2 0.000000000
6 2 -0.000000002
1 3 0.000000000
2 3 0.000000000
3 3 0.000000000
4 3 -0.000000000
5 3 0.000000002
6 3 0.000000000
1 4 -0.000000000
2 4 -0.000000018
3 4 -0.000000000
4 4 13692.452916951
5 4 -36.908359440
6 4 1679.624857962
1 5 0.000000019
2 5 0.000000000
3 5 0.000000002
4 5 -36.908359440
5 5 14188.384533178
6 5 149.724425926
1 6 0.000000000
2 6 -0.000000002
3 6 0.000000000
4 6 1679.624857962
5 6 149.724425926
6 6 207.713097280
