# name: debug
# type: sparse matrix
# nnz: 36
# rows: 6
# columns: 6

1 1 0.000000000
2 1 0.000000000
3 1 0.000000000
4 1 0.000003685
5 1 -0.000054486
6 1 -0.000006060
1 2 0.000000000
2 2 0.000000000
3 2 0.000000000
4 2 0.000040459
5 2 -0.000003664
6 2 0.000024046
1 3 0.000000000
2 3 0.000000000
3 3 0.000000000
4 3 0.000008405
5 3 -0.000033692
6 3 -0.000000022
1 4 0.000003685
2 4 0.000040459
3 4 0.000008405
4 4 22675.271211234
5 4 -4779.033006551
6 4 13061.281194449
1 5 -0.000054486
2 5 -0.000003664
3 5 -0.000033692
4 5 -4779.033006551
5 5 40730.870184366
6 5 3299.488265322
1 6 -0.000006060
2 6 0.000024046
3 6 -0.000000022
4 6 13061.281194449
5 6 3299.488265322
6 6 8445.608306048
