# name: debug
# type: sparse matrix
# nnz: 36
# rows: 6
# columns: 6

1 1 4107535.820919626
2 1 0.000000000
3 1 3087696.168787277
4 1 791040.535881624
5 1 3311300.426998374
6 1 -1052314.463378499
1 2 0.000000000
2 2 4083248.337025507
3 2 -2030897.535875755
4 2 -2623532.824588872
5 2 -786363.185491408
6 2 -1581033.071701115
1 3 3087696.168787277
2 3 -2030897.535875755
3 3 3331181.065009946
4 3 1899511.443752639
5 3 2880269.931425114
6 3 -4677.350390220
1 4 791040.535881624
2 4 -2623532.824588872
3 4 1899511.443752638
4 4 1837990.006459192
5 4 1142946.496484257
6 4 813173.858836670
1 5 3311300.426998374
2 5 -786363.185491408
3 5 2880269.931425114
4 5 1142946.496484257
5 5 2820853.226520169
6 5 -543846.281816876
1 6 -1052314.463378499
2 6 -1581033.071701115
3 6 -4677.350390220
4 6 813173.858836670
5 6 -543846.281816876
6 6 881769.428190118
