# name: debug
# type: sparse matrix
# nnz: 36
# rows: 6
# columns: 6

1 1 0.000000000
2 1 0.000000000
3 1 0.000000000
4 1 0.000003272
5 1 0.000169475
6 1 -0.000121641
1 2 0.000000000
2 2 0.000000000
3 2 -0.000000000
4 2 -0.000255205
5 2 -0.000003253
6 2 -0.000004529
1 3 0.000000000
2 3 -0.000000000
3 3 0.000000000
4 3 0.000183394
5 3 0.000006896
6 3 -0.000000019
1 4 0.000003272
2 4 -0.000255205
3 4 0.000183394
4 4 35902.095341088
5 4 761.398555240
6 4 418.932392416
1 5 0.000169475
2 5 -0.000003253
3 5 0.000006896
4 5 761.398555240
5 5 15742.237997901
6 5 -11286.681881508
1 6 -0.000121641
2 6 -0.000004529
3 6 -0.000000019
4 6 418.932392416
5 6 -11286.681881508
6 6 8118.145875931
